Time Series #4448


============


T-Value: [0.         0.001001   0.002002   0.003003   0.004004   0.00500501
 0.00600601 0.00700701 0.00800801 0.00900901 0.01001001 0.01101101
 0.01201201 0.01301301 0.01401401 0.01501502 0.01601602 0.01701702
 0.01801802 0.01901902 0.02002002 0.02102102 0.02202202 0.02302302
 0.02402402 0.02502503 0.02602603 0.02702703 0.02802803 0.02902903
 0.03003003 0.03103103 0.03203203 0.03303303 0.03403403 0.03503504
 0.03603604 0.03703704 0.03803804 0.03903904 0.04004004 0.04104104
 0.04204204 0.04304304 0.04404404 0.04504505 0.04604605 0.04704705
 0.04804805 0.04904905 0.05005005 0.05105105 0.05205205 0.05305305
 0.05405405 0.05505506 0.05605606 0.05705706 0.05805806 0.05905906
 0.06006006 0.06106106 0.06206206 0.06306306 0.06406406 0.06506507
 0.06606607 0.06706707 0.06806807 0.06906907 0.07007007 0.07107107
 0.07207207 0.07307307 0.07407407 0.07507508 0.07607608 0.07707708
 0.07807808 0.07907908 0.08008008 0.08108108 0.08208208 0.08308308
 0.08408408 0.08508509 0.08608609 0.08708709 0.08808809 0.08908909
 0.09009009 0.09109109 0.09209209 0.09309309 0.09409409 0.0950951
 0.0960961  0.0970971  0.0980981  0.0990991  0.1001001  0.1011011
 0.1021021  0.1031031  0.1041041  0.10510511 0.10610611 0.10710711
 0.10810811 0.10910911 0.11011011 0.11111111 0.11211211 0.11311311
 0.11411411 0.11511512 0.11611612 0.11711712 0.11811812 0.11911912
 0.12012012 0.12112112 0.12212212 0.12312312 0.12412412 0.12512513
 0.12612613 0.12712713 0.12812813 0.12912913 0.13013013 0.13113113
 0.13213213 0.13313313 0.13413413 0.13513514 0.13613614 0.13713714
 0.13813814 0.13913914 0.14014014 0.14114114 0.14214214 0.14314314
 0.14414414 0.14514515 0.14614615 0.14714715 0.14814815 0.14914915
 0.15015015 0.15115115 0.15215215 0.15315315 0.15415415 0.15515516
 0.15615616 0.15715716 0.15815816 0.15915916 0.16016016 0.16116116
 0.16216216 0.16316316 0.16416416 0.16516517 0.16616617 0.16716717
 0.16816817 0.16916917 0.17017017 0.17117117 0.17217217 0.17317317
 0.17417417 0.17517518 0.17617618 0.17717718 0.17817818 0.17917918
 0.18018018 0.18118118 0.18218218 0.18318318 0.18418418 0.18518519
 0.18618619 0.18718719 0.18818819 0.18918919 0.19019019 0.19119119
 0.19219219 0.19319319 0.19419419 0.1951952  0.1961962  0.1971972
 0.1981982  0.1991992  0.2002002  0.2012012  0.2022022  0.2032032
 0.2042042  0.20520521 0.20620621 0.20720721 0.20820821 0.20920921
 0.21021021 0.21121121 0.21221221 0.21321321 0.21421421 0.21521522
 0.21621622 0.21721722 0.21821822 0.21921922 0.22022022 0.22122122
 0.22222222 0.22322322 0.22422422 0.22522523 0.22622623 0.22722723
 0.22822823 0.22922923 0.23023023 0.23123123 0.23223223 0.23323323
 0.23423423 0.23523524 0.23623624 0.23723724 0.23823824 0.23923924
 0.24024024 0.24124124 0.24224224 0.24324324 0.24424424 0.24524525
 0.24624625 0.24724725 0.24824825 0.24924925 0.25025025 0.25125125
 0.25225225 0.25325325 0.25425425 0.25525526 0.25625626 0.25725726
 0.25825826 0.25925926 0.26026026 0.26126126 0.26226226 0.26326326
 0.26426426 0.26526527 0.26626627 0.26726727 0.26826827 0.26926927
 0.27027027 0.27127127 0.27227227 0.27327327 0.27427427 0.27527528
 0.27627628 0.27727728 0.27827828 0.27927928 0.28028028 0.28128128
 0.28228228 0.28328328 0.28428428 0.28528529 0.28628629 0.28728729
 0.28828829 0.28928929 0.29029029 0.29129129 0.29229229 0.29329329
 0.29429429 0.2952953  0.2962963  0.2972973  0.2982983  0.2992993
 0.3003003  0.3013013  0.3023023  0.3033033  0.3043043  0.30530531
 0.30630631 0.30730731 0.30830831 0.30930931 0.31031031 0.31131131
 0.31231231 0.31331331 0.31431431 0.31531532 0.31631632 0.31731732
 0.31831832 0.31931932 0.32032032 0.32132132 0.32232232 0.32332332
 0.32432432 0.32532533 0.32632633 0.32732733 0.32832833 0.32932933
 0.33033033 0.33133133 0.33233233 0.33333333 0.33433433 0.33533534
 0.33633634 0.33733734 0.33833834 0.33933934 0.34034034 0.34134134
 0.34234234 0.34334334 0.34434434 0.34534535 0.34634635 0.34734735
 0.34834835 0.34934935 0.35035035 0.35135135 0.35235235 0.35335335
 0.35435435 0.35535536 0.35635636 0.35735736 0.35835836 0.35935936
 0.36036036 0.36136136 0.36236236 0.36336336 0.36436436 0.36536537
 0.36636637 0.36736737 0.36836837 0.36936937 0.37037037 0.37137137
 0.37237237 0.37337337 0.37437437 0.37537538 0.37637638 0.37737738
 0.37837838 0.37937938 0.38038038 0.38138138 0.38238238 0.38338338
 0.38438438 0.38538539 0.38638639 0.38738739 0.38838839 0.38938939
 0.39039039 0.39139139 0.39239239 0.39339339 0.39439439 0.3953954
 0.3963964  0.3973974  0.3983984  0.3993994  0.4004004  0.4014014
 0.4024024  0.4034034  0.4044044  0.40540541 0.40640641 0.40740741
 0.40840841 0.40940941 0.41041041 0.41141141 0.41241241 0.41341341
 0.41441441 0.41541542 0.41641642 0.41741742 0.41841842 0.41941942
 0.42042042 0.42142142 0.42242242 0.42342342 0.42442442 0.42542543
 0.42642643 0.42742743 0.42842843 0.42942943 0.43043043 0.43143143
 0.43243243 0.43343343 0.43443443 0.43543544 0.43643644 0.43743744
 0.43843844 0.43943944 0.44044044 0.44144144 0.44244244 0.44344344
 0.44444444 0.44544545 0.44644645 0.44744745 0.44844845 0.44944945
 0.45045045 0.45145145 0.45245245 0.45345345 0.45445445 0.45545546
 0.45645646 0.45745746 0.45845846 0.45945946 0.46046046 0.46146146
 0.46246246 0.46346346 0.46446446 0.46546547 0.46646647 0.46746747
 0.46846847 0.46946947 0.47047047 0.47147147 0.47247247 0.47347347
 0.47447447 0.47547548 0.47647648 0.47747748 0.47847848 0.47947948
 0.48048048 0.48148148 0.48248248 0.48348348 0.48448448 0.48548549
 0.48648649 0.48748749 0.48848849 0.48948949 0.49049049 0.49149149
 0.49249249 0.49349349 0.49449449 0.4954955  0.4964965  0.4974975
 0.4984985  0.4994995  0.5005005  0.5015015  0.5025025  0.5035035
 0.5045045  0.50550551 0.50650651 0.50750751 0.50850851 0.50950951
 0.51051051 0.51151151 0.51251251 0.51351351 0.51451451 0.51551552
 0.51651652 0.51751752 0.51851852 0.51951952 0.52052052 0.52152152
 0.52252252 0.52352352 0.52452452 0.52552553 0.52652653 0.52752753
 0.52852853 0.52952953 0.53053053 0.53153153 0.53253253 0.53353353
 0.53453453 0.53553554 0.53653654 0.53753754 0.53853854 0.53953954
 0.54054054 0.54154154 0.54254254 0.54354354 0.54454454 0.54554555
 0.54654655 0.54754755 0.54854855 0.54954955 0.55055055 0.55155155
 0.55255255 0.55355355 0.55455455 0.55555556 0.55655656 0.55755756
 0.55855856 0.55955956 0.56056056 0.56156156 0.56256256 0.56356356
 0.56456456 0.56556557 0.56656657 0.56756757 0.56856857 0.56956957
 0.57057057 0.57157157 0.57257257 0.57357357 0.57457457 0.57557558
 0.57657658 0.57757758 0.57857858 0.57957958 0.58058058 0.58158158
 0.58258258 0.58358358 0.58458458 0.58558559 0.58658659 0.58758759
 0.58858859 0.58958959 0.59059059 0.59159159 0.59259259 0.59359359
 0.59459459 0.5955956  0.5965966  0.5975976  0.5985986  0.5995996
 0.6006006  0.6016016  0.6026026  0.6036036  0.6046046  0.60560561
 0.60660661 0.60760761 0.60860861 0.60960961 0.61061061 0.61161161
 0.61261261 0.61361361 0.61461461 0.61561562 0.61661662 0.61761762
 0.61861862 0.61961962 0.62062062 0.62162162 0.62262262 0.62362362
 0.62462462 0.62562563 0.62662663 0.62762763 0.62862863 0.62962963
 0.63063063 0.63163163 0.63263263 0.63363363 0.63463463 0.63563564
 0.63663664 0.63763764 0.63863864 0.63963964 0.64064064 0.64164164
 0.64264264 0.64364364 0.64464464 0.64564565 0.64664665 0.64764765
 0.64864865 0.64964965 0.65065065 0.65165165 0.65265265 0.65365365
 0.65465465 0.65565566 0.65665666 0.65765766 0.65865866 0.65965966
 0.66066066 0.66166166 0.66266266 0.66366366 0.66466466 0.66566567
 0.66666667 0.66766767 0.66866867 0.66966967 0.67067067 0.67167167
 0.67267267 0.67367367 0.67467467 0.67567568 0.67667668 0.67767768
 0.67867868 0.67967968 0.68068068 0.68168168 0.68268268 0.68368368
 0.68468468 0.68568569 0.68668669 0.68768769 0.68868869 0.68968969
 0.69069069 0.69169169 0.69269269 0.69369369 0.69469469 0.6956957
 0.6966967  0.6976977  0.6986987  0.6996997  0.7007007  0.7017017
 0.7027027  0.7037037  0.7047047  0.70570571 0.70670671 0.70770771
 0.70870871 0.70970971 0.71071071 0.71171171 0.71271271 0.71371371
 0.71471471 0.71571572 0.71671672 0.71771772 0.71871872 0.71971972
 0.72072072 0.72172172 0.72272272 0.72372372 0.72472472 0.72572573
 0.72672673 0.72772773 0.72872873 0.72972973 0.73073073 0.73173173
 0.73273273 0.73373373 0.73473473 0.73573574 0.73673674 0.73773774
 0.73873874 0.73973974 0.74074074 0.74174174 0.74274274 0.74374374
 0.74474474 0.74574575 0.74674675 0.74774775 0.74874875 0.74974975
 0.75075075 0.75175175 0.75275275 0.75375375 0.75475475 0.75575576
 0.75675676 0.75775776 0.75875876 0.75975976 0.76076076 0.76176176
 0.76276276 0.76376376 0.76476476 0.76576577 0.76676677 0.76776777
 0.76876877 0.76976977 0.77077077 0.77177177 0.77277277 0.77377377
 0.77477477 0.77577578 0.77677678 0.77777778 0.77877878 0.77977978
 0.78078078 0.78178178 0.78278278 0.78378378 0.78478478 0.78578579
 0.78678679 0.78778779 0.78878879 0.78978979 0.79079079 0.79179179
 0.79279279 0.79379379 0.79479479 0.7957958  0.7967968  0.7977978
 0.7987988  0.7997998  0.8008008  0.8018018  0.8028028  0.8038038
 0.8048048  0.80580581 0.80680681 0.80780781 0.80880881 0.80980981
 0.81081081 0.81181181 0.81281281 0.81381381 0.81481481 0.81581582
 0.81681682 0.81781782 0.81881882 0.81981982 0.82082082 0.82182182
 0.82282282 0.82382382 0.82482482 0.82582583 0.82682683 0.82782783
 0.82882883 0.82982983 0.83083083 0.83183183 0.83283283 0.83383383
 0.83483483 0.83583584 0.83683684 0.83783784 0.83883884 0.83983984
 0.84084084 0.84184184 0.84284284 0.84384384 0.84484484 0.84584585
 0.84684685 0.84784785 0.84884885 0.84984985 0.85085085 0.85185185
 0.85285285 0.85385385 0.85485485 0.85585586 0.85685686 0.85785786
 0.85885886 0.85985986 0.86086086 0.86186186 0.86286286 0.86386386
 0.86486486 0.86586587 0.86686687 0.86786787 0.86886887 0.86986987
 0.87087087 0.87187187 0.87287287 0.87387387 0.87487487 0.87587588
 0.87687688 0.87787788 0.87887888 0.87987988 0.88088088 0.88188188
 0.88288288 0.88388388 0.88488488 0.88588589 0.88688689 0.88788789
 0.88888889 0.88988989 0.89089089 0.89189189 0.89289289 0.89389389
 0.89489489 0.8958959  0.8968969  0.8978979  0.8988989  0.8998999
 0.9009009  0.9019019  0.9029029  0.9039039  0.9049049  0.90590591
 0.90690691 0.90790791 0.90890891 0.90990991 0.91091091 0.91191191
 0.91291291 0.91391391 0.91491491 0.91591592 0.91691692 0.91791792
 0.91891892 0.91991992 0.92092092 0.92192192 0.92292292 0.92392392
 0.92492492 0.92592593 0.92692693 0.92792793 0.92892893 0.92992993
 0.93093093 0.93193193 0.93293293 0.93393393 0.93493493 0.93593594
 0.93693694 0.93793794 0.93893894 0.93993994 0.94094094 0.94194194
 0.94294294 0.94394394 0.94494494 0.94594595 0.94694695 0.94794795
 0.94894895 0.94994995 0.95095095 0.95195195 0.95295295 0.95395395
 0.95495495 0.95595596 0.95695696 0.95795796 0.95895896 0.95995996
 0.96096096 0.96196196 0.96296296 0.96396396 0.96496496 0.96596597
 0.96696697 0.96796797 0.96896897 0.96996997 0.97097097 0.97197197
 0.97297297 0.97397397 0.97497497 0.97597598 0.97697698 0.97797798
 0.97897898 0.97997998 0.98098098 0.98198198 0.98298298 0.98398398
 0.98498498 0.98598599 0.98698699 0.98798799 0.98898899 0.98998999
 0.99099099 0.99199199 0.99299299 0.99399399 0.99499499 0.995996
 0.996997   0.997998   0.998999   1.        ]


============


X-Value: [ 5.45650619e-02  1.33182107e-01  2.79589380e-01  4.03270617e-01
  4.19524342e-01  4.07472319e-01  2.85900360e-01  5.84741113e-01
  6.93035090e-01  7.75254635e-01  1.07293402e+00  1.00515116e+00
  1.06240170e+00  1.29169241e+00  1.33349661e+00  1.21219499e+00
  1.54512700e+00  1.48387020e+00  1.45763920e+00  1.49238947e+00
  1.44078037e+00  1.59152283e+00  1.74174786e+00  1.61473607e+00
  1.69702749e+00  1.72688020e+00  1.69406704e+00  1.67726714e+00
  1.82376973e+00  1.74347495e+00  1.67286284e+00  1.78741702e+00
  1.75165250e+00  1.79771268e+00  1.84840276e+00  1.62653952e+00
  1.80346075e+00  1.56056771e+00  1.82262136e+00  1.63539271e+00
  1.72087497e+00  1.48500135e+00  1.63772431e+00  1.56437908e+00
  1.21498809e+00  1.15396553e+00  1.27473773e+00  1.32823273e+00
  1.11311559e+00  9.60395240e-01  8.42544404e-01  7.89408550e-01
  9.07746665e-01  8.64088817e-01  6.10825171e-01  6.94326628e-01
  5.08062692e-01  4.76304397e-01  5.29682236e-01  5.56936258e-01
  2.22453303e-01  2.98538521e-01  1.99004504e-01  2.09270741e-01
  7.81670090e-02  3.72800236e-01  1.96422533e-01 -1.53702296e-02
  4.33677659e-04 -2.16899419e-01 -3.32848273e-01 -1.37778305e-01
  2.44872139e-02 -1.12899459e-01 -3.11676207e-01 -2.50436217e-01
 -4.01392903e-01 -4.55693378e-01 -4.09198031e-01 -2.74874123e-01
 -4.85867779e-01 -4.73615693e-01 -3.45340914e-01 -3.83271530e-01
 -3.23178392e-01 -3.22252514e-01 -5.78809790e-01 -4.79723368e-01
 -2.46339089e-01 -2.31895924e-01 -3.79501861e-01 -3.71153208e-01
 -3.66610019e-01 -1.45089318e-01 -3.35221766e-01 -1.88156170e-01
 -2.28722589e-01 -1.18931823e-01 -3.20280749e-02 -1.82098391e-02
 -4.60642811e-02  1.98545144e-01  1.68722496e-01  1.11931075e-01
  2.19941310e-01  1.20425886e-02  2.82013860e-01  2.34738365e-01
  2.13199118e-01  2.79959911e-01  2.65697686e-01  2.75040200e-01
  3.72573272e-01  5.68771234e-01  3.75329772e-01  3.56025066e-01
  2.96906426e-01  3.93950599e-01  3.91458590e-01  2.19445176e-01
  3.71522501e-01  2.05182245e-01  3.29466582e-01  4.07231346e-01
  3.46426686e-01  2.79183875e-01  2.70056140e-01  1.59490930e-01
  7.55752925e-03  1.38214240e-01  1.57748786e-01 -7.06531003e-03
 -4.16698216e-03  3.08732493e-02 -7.74601277e-02 -3.45332024e-01
 -1.51910250e-01 -1.62956063e-01 -3.19979160e-01 -3.78000993e-01
 -2.36068004e-01 -4.36874109e-01 -4.44412005e-01 -5.41841253e-01
 -5.91737614e-01 -6.55036955e-01 -7.16856098e-01 -7.61154741e-01
 -1.08923229e+00 -9.31401195e-01 -8.51626471e-01 -1.19701639e+00
 -1.11812796e+00 -1.27847054e+00 -1.23845519e+00 -1.21211154e+00
 -1.49591820e+00 -1.50972063e+00 -1.44458703e+00 -1.54929462e+00
 -1.43428308e+00 -1.61967448e+00 -1.70229142e+00 -1.65983074e+00
 -1.65439515e+00 -1.76734997e+00 -1.66435853e+00 -1.57274654e+00
 -1.79399724e+00 -1.83060518e+00 -1.87571444e+00 -1.79933811e+00
 -1.87597374e+00 -1.65667629e+00 -1.63940474e+00 -1.59041413e+00
 -1.71198887e+00 -1.60189594e+00 -1.74429326e+00 -1.54343186e+00
 -1.41982528e+00 -1.65846951e+00 -1.58229878e+00 -1.38224813e+00
 -1.28982160e+00 -1.32046354e+00 -1.26748949e+00 -1.01272538e+00
 -1.09816591e+00 -8.63328055e-01 -8.99246073e-01 -8.15805101e-01
 -8.02777863e-01 -7.06506726e-01 -5.00306520e-01 -2.76366546e-01
 -2.87565238e-01 -3.95847879e-01 -2.14656637e-01 -1.44496474e-01
  1.14795160e-01 -5.91400849e-02  2.06253213e-01  3.03073171e-01
  5.15095792e-01  5.65435318e-01  6.05181468e-01  7.79705275e-01
  7.85200123e-01  9.47177998e-01  9.31704196e-01  9.52002421e-01
  1.13919484e+00  1.12968106e+00  1.31464476e+00  1.22064665e+00
  1.32067426e+00  1.35672605e+00  1.50311374e+00  1.52961062e+00
  1.61950117e+00  1.51068269e+00  1.64923328e+00  1.51747185e+00
  1.58283692e+00  1.92185755e+00  1.90500385e+00  1.69930412e+00
  1.77745680e+00  1.74385901e+00  1.61733752e+00  1.74890958e+00
  1.65857450e+00  1.78611475e+00  1.67342129e+00  1.72977610e+00
  1.62606795e+00  1.50518142e+00  1.44882479e+00  1.50341977e+00
  1.48480329e+00  1.61470162e+00  1.39040102e+00  1.38100236e+00
  1.25958994e+00  1.32896292e+00  1.25299228e+00  1.20355128e+00
  1.17541649e+00  9.32451081e-01  9.09300062e-01  7.42300618e-01
  9.86955325e-01  7.38609317e-01  7.64438687e-01  6.47570440e-01
  7.01947315e-01  7.86899620e-01  5.27695639e-01  5.36136743e-01
  4.14234960e-01  4.19323173e-01  2.34674887e-01  1.89035093e-01
 -4.82620850e-03  1.05677090e-01  1.63414319e-01  9.80286277e-03
 -1.82579906e-01 -2.35056148e-01 -4.40246123e-03 -2.21024986e-01
 -3.24503576e-01 -3.85223318e-01 -1.92628862e-01 -1.73759199e-01
 -2.18496743e-01 -3.04385432e-01 -5.45615497e-01 -3.64655875e-01
 -3.02688659e-01 -2.98840132e-01 -1.67352433e-01 -3.64003050e-01
 -4.29268367e-01 -2.42455671e-01 -4.19491021e-01 -3.13422731e-01
 -3.04374059e-01 -2.61123143e-01 -2.07924476e-01 -2.74935375e-01
  5.57712515e-05 -1.57170507e-01 -6.31676529e-02 -1.48851206e-01
  2.37819227e-02 -4.39306689e-02 -9.27501165e-02  8.34511777e-02
 -1.09934361e-01 -1.20119286e-02  2.20951959e-01  1.75854329e-01
  2.22415428e-01  9.14694717e-02  9.98415926e-02  2.84911551e-01
  8.48435715e-02  3.98316496e-01  3.44487354e-01  3.57513821e-01
  3.09588580e-01  3.43593916e-01  3.64205048e-01  1.79428759e-01
  4.09494289e-01  3.11632093e-01  4.28594411e-01  3.02915753e-01
  3.58809448e-01  4.47025961e-01  2.85301155e-01  1.60806600e-01
  2.68145040e-01  2.54908444e-01  3.06039900e-01  2.21089003e-01
  2.56975189e-01 -2.82041644e-02  9.79787645e-02  1.77301788e-01
  2.07569205e-02 -8.99998835e-04 -9.89883305e-02 -7.23044224e-02
 -1.18299111e-01 -1.02786628e-01 -1.82736893e-01 -3.37705997e-01
 -4.24340739e-01 -5.82887940e-01 -5.44366569e-01 -6.41879628e-01
 -5.24474117e-01 -5.72085048e-01 -7.60773999e-01 -8.40531250e-01
 -9.47149361e-01 -9.11140121e-01 -8.96265952e-01 -1.00080687e+00
 -1.11470053e+00 -1.16412473e+00 -1.23542491e+00 -1.25262633e+00
 -1.13227597e+00 -1.43084592e+00 -1.54186765e+00 -1.59616698e+00
 -1.63731288e+00 -1.60098061e+00 -1.42670998e+00 -1.72635826e+00
 -1.84836267e+00 -1.78149357e+00 -1.64504740e+00 -1.60664368e+00
 -1.85075303e+00 -1.65463695e+00 -1.63435785e+00 -1.62921265e+00
 -1.76496943e+00 -1.76645707e+00 -1.58511399e+00 -1.55125811e+00
 -1.57044485e+00 -1.68107491e+00 -1.75897875e+00 -1.60012011e+00
 -1.67109103e+00 -1.33880968e+00 -1.44274660e+00 -1.32087922e+00
 -1.24237376e+00 -1.20811427e+00 -1.23037528e+00 -1.25635712e+00
 -1.05384651e+00 -1.09825490e+00 -8.37811033e-01 -8.17046787e-01
 -7.17317432e-01 -6.61893810e-01 -5.76341611e-01 -3.85038285e-01
 -1.30228670e-01 -4.10571282e-01 -1.84375960e-01 -1.60541727e-02
 -8.37741674e-02  1.45055825e-01  4.81089891e-01  2.37272453e-01
  5.15522788e-01  5.01076051e-01  7.26038108e-01  8.41243450e-01
  8.24225252e-01  8.61221811e-01  6.91904275e-01  9.62649764e-01
  1.21981140e+00  1.14655991e+00  1.28930686e+00  1.19223783e+00
  1.35840663e+00  1.43182765e+00  1.44807400e+00  1.65402406e+00
  1.64388698e+00  1.43671237e+00  1.69839685e+00  1.58217382e+00
  1.87453365e+00  1.79272432e+00  1.81571001e+00  1.60297742e+00
  1.64961597e+00  1.70069057e+00  1.70478762e+00  1.85509562e+00
  1.58108696e+00  2.00789581e+00  1.76228051e+00  1.78552425e+00
  1.62815291e+00  1.55363741e+00  1.48907373e+00  1.37249507e+00
  1.52726173e+00  1.37205964e+00  1.48733507e+00  1.28903530e+00
  1.38349506e+00  1.22128652e+00  1.28938804e+00  1.03031264e+00
  1.08475285e+00  1.07754823e+00  1.07509566e+00  1.00635058e+00
  7.00428689e-01  7.06129143e-01  5.00935516e-01  7.94595302e-01
  5.46621524e-01  5.76832385e-01  4.02612995e-01  4.95342663e-01
  3.14098503e-01  4.39159665e-01  1.52383180e-01 -3.15920472e-02
  8.73466539e-02  2.06946268e-02 -1.21232372e-01 -9.90908578e-02
 -7.75017700e-02  5.21123444e-02 -1.17146103e-01 -2.97219879e-01
 -9.65350294e-02 -3.63945104e-01 -3.20653782e-01 -2.98666675e-01
 -4.28719918e-01 -4.21765966e-01 -3.33726028e-01 -4.00050949e-01
 -5.62976639e-01 -2.32189094e-01 -3.90786409e-01 -3.76760671e-01
 -3.90224528e-01 -4.05231119e-01 -2.39025800e-01 -2.81612626e-01
 -1.57813623e-01 -6.30362693e-02 -3.31295611e-01 -1.72396182e-01
 -2.00979925e-01 -1.12721919e-01 -2.37291305e-01 -9.78287582e-02
 -1.09242347e-01 -7.69895738e-02  4.23693068e-02  1.10233674e-01
 -1.30279188e-01  3.94072070e-02  5.93644608e-03 -6.12794108e-02
  2.19636501e-01  1.79438854e-01  7.39728765e-02  1.32220533e-01
  2.70149609e-01  2.97872289e-01  3.47134130e-01  2.60611081e-01
  3.37014445e-01  2.43065921e-01  3.81181531e-01  2.53574179e-01
  2.46451305e-01  2.66224832e-01  3.44343582e-01  3.34505357e-01
  5.63821229e-01  4.21462289e-01  5.47349877e-01  3.20423844e-01
  3.30699352e-01  3.07690459e-01  2.61302815e-01  9.05562879e-02
  2.22284076e-01  1.00183826e-01  1.37535256e-01  1.00397657e-01
  1.34982494e-01 -1.11896289e-01 -4.02149933e-02 -2.04955097e-01
 -1.68619093e-01 -3.88771692e-01 -2.94684765e-01 -4.70306134e-01
 -5.07686883e-01 -1.79651434e-01 -5.18617274e-01 -6.16807306e-01
 -6.08594177e-01 -6.63522796e-01 -7.49892923e-01 -8.48380206e-01
 -1.03314088e+00 -9.33201185e-01 -1.11930898e+00 -9.57492902e-01
 -1.17235939e+00 -1.27994005e+00 -1.21168535e+00 -1.32931315e+00
 -1.48470036e+00 -1.46752695e+00 -1.56625936e+00 -1.52761503e+00
 -1.54278380e+00 -1.52820833e+00 -1.72257841e+00 -1.87682392e+00
 -1.68740313e+00 -1.67719061e+00 -1.68376327e+00 -1.82214028e+00
 -1.74196171e+00 -1.80547042e+00 -1.87836180e+00 -1.79138322e+00
 -1.72838255e+00 -1.72622689e+00 -1.66026334e+00 -1.57368469e+00
 -1.70560182e+00 -1.66529457e+00 -1.57350721e+00 -1.45970115e+00
 -1.52763332e+00 -1.28910109e+00 -1.32986676e+00 -1.15893509e+00
 -1.44407143e+00 -1.07271237e+00 -1.46829260e+00 -1.05849510e+00
 -9.08030285e-01 -8.34989492e-01 -7.20016846e-01 -6.29751120e-01
 -5.01428713e-01 -6.81778050e-01 -8.00123896e-01 -5.06725122e-01
 -4.88595324e-01 -1.22488010e-01 -1.73457004e-01 -2.00137225e-02
  1.49470366e-01  3.20263490e-01  2.48294503e-01  3.42791657e-01
  4.71005705e-01  3.44181379e-01  4.65162696e-01  7.38109084e-01
  6.68262547e-01  7.98916618e-01  8.80897284e-01  1.04161517e+00
  8.71730625e-01  1.12270742e+00  1.14517642e+00  1.17683881e+00
  1.48927567e+00  1.53224523e+00  1.51077515e+00  1.52437000e+00
  1.69636033e+00  1.53396543e+00  1.56287682e+00  1.69430205e+00
  1.63736289e+00  1.69179806e+00  1.73113370e+00  1.60545716e+00
  1.72181524e+00  1.57848433e+00  1.86663236e+00  1.66573222e+00
  1.67349075e+00  1.70527642e+00  1.69346622e+00  1.62786340e+00
  1.86108489e+00  1.56477833e+00  1.50804401e+00  1.62151317e+00
  1.61919628e+00  1.71241640e+00  1.37637873e+00  1.46759512e+00
  1.31200997e+00  1.31942498e+00  1.21204832e+00  1.08176454e+00
  1.16690235e+00  1.08686804e+00  9.76714333e-01  6.79144628e-01
  8.46517543e-01  1.01729321e+00  5.85649775e-01  5.80754977e-01
  6.80555406e-01  5.10504928e-01  5.32818165e-01  4.20086697e-01
  3.22545360e-01  2.11095799e-01  1.16061377e-01  2.77900435e-01
  1.97095236e-01  2.21549126e-01  8.20385637e-02 -7.70111406e-02
 -3.02517710e-01 -1.66375736e-01 -7.03850336e-02 -3.82882468e-02
 -6.98098241e-02 -2.44114026e-01 -4.59194622e-01 -3.00910064e-01
 -4.02944002e-01 -3.33550151e-01 -3.20201024e-01 -5.24776762e-01
 -4.36884606e-01 -3.82888038e-01 -4.33570980e-01 -3.45492935e-01
 -4.68080022e-01 -4.38283046e-01 -2.04927157e-01 -2.10009374e-01
 -3.37200139e-01 -2.06606419e-01 -1.94459069e-01 -3.09223997e-01
 -2.88655045e-01 -1.63000016e-02 -7.29199470e-02 -1.52569968e-01
 -6.68877127e-02 -1.09382262e-01  1.10658731e-01 -4.47907214e-02
 -1.43061905e-01  3.73163437e-02 -2.26863355e-02 -6.26081798e-02
  1.30762081e-01  2.85955124e-01  6.42007708e-02  2.84697273e-01
  1.41339684e-01  2.55479440e-01  9.53344261e-02  1.87239677e-01
  2.33329912e-01  2.49291778e-01  2.45345320e-01  4.09488253e-01
  4.62774175e-01  6.13266187e-01  3.01831055e-01  3.61858813e-01
  3.78497611e-01  3.44700671e-01  3.47042562e-01  2.73004703e-01
  3.55286238e-01  5.00022195e-01  1.73775201e-01  3.61451145e-03
 -1.19204001e-02  2.37057593e-01 -1.83714765e-01  5.33125273e-02
 -1.07773748e-01 -4.49267702e-03 -1.06023105e-01 -1.06777704e-01
 -1.32187730e-01 -1.57596074e-01 -3.04958389e-01 -2.79978673e-01
 -4.73621006e-01 -4.81071211e-01 -5.74904259e-01 -5.37894920e-01
 -6.60818457e-01 -8.27787040e-01 -1.02576050e+00 -9.29955224e-01
 -6.83412860e-01 -1.02180067e+00 -1.13286524e+00 -9.65862236e-01
 -1.19027853e+00 -9.81874714e-01 -1.09564626e+00 -1.38666334e+00
 -1.49718326e+00 -1.50633031e+00 -1.56385227e+00 -1.61739007e+00
 -1.62527727e+00 -1.67802803e+00 -1.66052560e+00 -1.65633313e+00
 -1.64930968e+00 -1.51121503e+00 -1.62765119e+00 -1.73987131e+00
 -1.66194880e+00 -1.66707195e+00 -1.70292759e+00 -1.85566660e+00
 -1.81515808e+00 -1.79084527e+00 -1.74225269e+00 -1.71521538e+00
 -1.64625798e+00 -1.61303525e+00 -1.55590922e+00 -1.59156958e+00
 -1.48507890e+00 -1.33775809e+00 -1.59507987e+00 -1.36039057e+00
 -1.32442611e+00 -1.18630285e+00 -1.16129381e+00 -1.16707319e+00
 -8.31154906e-01 -8.52172949e-01 -7.53079713e-01 -7.51843445e-01
 -7.16089883e-01 -5.16465608e-01 -4.01529790e-01 -2.51179167e-01
 -1.94671115e-01 -2.87581249e-01 -2.20683331e-01 -3.53163444e-02
 -3.72904428e-02  1.04291224e-01  3.76143880e-01  5.21719435e-01
  6.60231072e-01  5.12961795e-01  6.50002105e-01  7.98652136e-01
  1.02301790e+00  9.84236315e-01  8.49152546e-01  1.07244382e+00
  1.21834890e+00  1.00054136e+00  1.00847472e+00  1.38045061e+00
  1.27932397e+00  1.37516653e+00  1.53417388e+00  1.62571527e+00
  1.59357271e+00  1.67199042e+00  1.84996245e+00  1.82900870e+00
  1.75115794e+00  1.85238359e+00  1.76354882e+00  1.76619511e+00
  1.83816469e+00  1.95941214e+00  1.91482189e+00  1.96099747e+00
  1.58659997e+00  1.63444414e+00  1.75287895e+00  1.71858361e+00
  1.55756663e+00  1.73841590e+00  1.62253855e+00  1.52219463e+00
  1.40274276e+00  1.31588278e+00  1.32370290e+00  1.40529180e+00
  1.14819788e+00  1.27321913e+00  1.09567253e+00  1.05730474e+00
  9.67335940e-01  1.08746609e+00  1.17180025e+00  8.55830250e-01
  7.15626177e-01  8.65143638e-01  8.34320250e-01  7.19337927e-01
  5.11700997e-01  6.82350500e-01  5.57198501e-01  4.87201024e-01
  4.47383548e-01  1.39050890e-01  4.04699331e-01  1.23697074e-01
  2.60493115e-02  4.08639270e-02  6.44741390e-02 -1.24856453e-01
  7.40132251e-03 -9.71269478e-02 -2.50068927e-01 -1.83916879e-01
 -3.42394986e-01 -3.29712461e-01 -1.58733675e-01 -2.96841416e-01
 -4.90370438e-01 -3.78786030e-01 -4.37188412e-01 -3.02075941e-01
 -2.85665265e-01 -4.28074764e-01 -5.28297664e-01 -3.56696625e-01
 -3.76281976e-01 -5.82245666e-01 -4.72377461e-01 -3.08297847e-01
 -2.96775962e-01 -2.82511682e-01 -2.68407215e-01 -2.63136475e-01
 -2.64563998e-01 -2.57241250e-01 -3.65959573e-02 -8.51236385e-03
 -5.92039687e-02 -1.38388951e-01 -1.12083507e-01 -1.97096715e-01
  7.76844704e-02  6.72826747e-02  1.33686398e-01  2.09780475e-01
 -1.10518758e-01  2.07826219e-01  2.87057281e-01  1.09689854e-01
  3.08699483e-01  3.39001775e-01  5.67213107e-02  1.91765560e-01
  3.43310720e-01  4.50387931e-01  4.55226709e-01  3.56577152e-01
  2.98776143e-01  4.71703003e-01  4.72124500e-01  3.92868086e-01
  3.38500341e-01  2.69120039e-01  4.06740966e-01  3.77883096e-01
  3.93368949e-01  4.06459645e-01  6.15379351e-02  2.50586417e-01
  2.35074436e-01  1.98631127e-01  2.68850732e-02 -7.43027636e-02
 -7.27311740e-02 -1.92322870e-02 -1.72405271e-01 -2.42535518e-01
 -2.82021235e-01 -3.04966158e-01 -2.82791008e-01 -3.58105606e-01
 -3.70069360e-01 -5.79794251e-01 -3.94506069e-01 -6.21605849e-01
 -7.93992013e-01 -6.49918895e-01 -7.84037512e-01 -9.73454500e-01
 -9.31016488e-01 -1.14591531e+00 -1.11783589e+00 -1.19850036e+00
 -1.07988231e+00 -1.02558768e+00 -1.32412508e+00 -1.34173950e+00
 -1.56738408e+00 -1.59750399e+00 -1.54246199e+00 -1.65591207e+00
 -1.67211659e+00 -1.58769528e+00 -1.49911526e+00 -1.44461987e+00
 -1.66895131e+00 -1.67706776e+00 -1.66427402e+00 -1.64210345e+00
 -1.64227906e+00 -1.86580674e+00 -1.73626279e+00 -1.69618900e+00
 -1.74770224e+00 -1.74301995e+00 -1.71972276e+00 -1.66371480e+00
 -1.80012228e+00 -1.51566545e+00 -1.73042855e+00 -1.48362005e+00
 -1.42879361e+00 -1.49169029e+00 -1.30440376e+00 -1.24374104e+00
 -1.22628744e+00 -1.16823344e+00 -1.14252625e+00 -1.01005543e+00
 -1.08388892e+00 -8.65726603e-01 -9.23899683e-01 -8.33646279e-01
 -7.55097705e-01 -5.84048903e-01 -5.03634947e-01 -3.84576771e-01
 -2.89093432e-01 -8.37583061e-02 -6.65634914e-02  6.07502270e-02]